0.011551117306424871
0.011543068076929478
0.011528477167232648
0.011507397438874087
0.011479892687124784
0.011446037465419119
0.011405916905664773
0.011359626542417567
0.011307272150934196
0.01124896961169921
0.011184844817310366
0.011115033641840043
0.01103968199818627
0.010958946015874736
0.010872992380663169
0.010781998888716686
0.010686155282754652
0.010585664456307493
0.01048074413622766
0.010371629184254227
0.010258574697576081
0.010141860138163447
0.01002179478390497
0.009898724874584255
0.009773042926388222
0.009645199814322438
0.009515720377278722
0.009385223489614607
0.009254447767987324
0.009124284339556803
0.008995818372567521
0.00887038132365938
0.00874961600011918
0.008635556384482613
0.008530723344558552
0.008438235089585827
0.00836192599956181
0.008306456190026963
0.008277370831184407
0.00828102113361108
0.008324166602750665
0.008412905842092262
0.00855029211558315
0.00873161057294166
0.008961992707841652
0.009196773773250334
0.00931486876547665
0.009224889312715753
0.008977660552741278
0.008738075655354708
0.008570594362093406
0.00848505203515661
0.008504106514119644
0.008597735228769323
0.008729463122139005
0.008983179171943141
0.009357373304132468
0.009719796614241445
0.01019048887501921
0.010668184722137425
0.011383566531962722
0.012095667652187862
0.013097684667386955
0.01409625814047107
0.01534258941019527
0.016689315032376736
0.01827588648251905
0.020376443327641693
0.022977647680317244
0.026240653025900902
0.031304926822279755
0.038396388831435695
0.0496061771830681
0.06655078442989396
0.09470976265150993
0.1627199453258535
0.34500488498251114
0.6532375750708668
0.7046801854314174
0.37622977496700066
0.11428583305521851
0.04005839822421513
0.018079014282162915
0.011115771737547514
0.008164029290573433
0.0069542133818443815
0.006553832163649578
0.00651122239191866
0.0066013127315297975
0.006624273743965923
0.006444228380646584
0.005815308280651841
0.004960707396608058
0.004015229750137376
0.0031318742871265155
0.002504664715942145
0.0020041507194288027
0.0016752911919459483
0.0014504381572707933
0.0013006728875279028
0.001202077598095841
0.0011214053733430904
0.0010628663299346247
0.001010929827302416
0.0009625253128679115
0.00091606788192338
0.000871506086058624
0.0008287872791231571
0.0007878580213241874
0.0007486644208480817
0.0007111524218756968
0.000675268047065301
0.000640957607512437
0.0006093593248933253
0.0005820631893684591
0.0005593994534164062
0.000545013189312575
0.000536544334578611
0.0005321170860929101
0.0005283042760981125
0.0005296282742810208
0.0005343677074063083
0.0005455712707278386
0.0005630688833242791
0.0005934846979324423
0.0006296877647233277
0.000679488406582502
0.0007296300841569791
0.0007819541763811839
0.0008172107481471113
0.0008199697409567007
0.0007739580890761258
0.0006795397114859701
0.0005420482718274865
0.000412340494862426
0.0003026393946078145
0.00023149454980392564
0.00018319616582504697
0.00015664427273060074
0.00014018302959839605
0.0001293089855599196
0.00012080264323497197
0.00011344184995521914
0.00010650599940767367
0.00009997099901225627
0.00009381432644670789
0.00008801487261906651
0.00008255280875011059
0.00007740947322355743
0.00007257111819025517