5.543513639033522e-6
6.399044316985884e-6
7.37232866681395e-6
8.477341749363385e-6
9.72939774686668e-6
0.000011145236669605803
0.00001274311168699413
0.00001454287646888335
0.000016566071890682362
0.000018836011445575394
0.000021377864729165567
0.000024218738430820587
0.000027387754402127482
0.000030916124604622986
0.00003483722310621769
0.00003918665585454504
0.00004400232978456813
0.00004932452402791396
0.0000551959677381054
0.00006166193154732305
0.00006877034323235696
0.0000765719432173235
0.00008512050267443114
0.00009447313702945885
0.00010469076178058385
0.00011583875727217686
0.00012798793657670373
0.00014121594882388457
0.00015560930301812458
0.000171266269566595
0.00018830101453952384
0.00020684945208953155
0.00022707747001688436
0.0002491923947297341
0.00027345880458023764
0.0003002200312283205
0.0003299267837490035
0.0003631739816249244
0.0004007453688545595
0.000443661179987431
0.0004932135488565371
0.0005509504818091314
0.0006185199051252462
0.0006971972261455673
0.0007892788927549918
0.0008922635718448681
0.0009933017920929017
0.0010781084658937987
0.0011472632712578785
0.0012199332342312107
0.0013067798482673
0.0014124955148889812
0.001545324381749235
0.0017045591382800812
0.001886638461665176
0.002115654524201249
0.0024001867702646827
0.0027115994752545153
0.0030895594324496555
0.0035103174649666904
0.004063295112990963
0.004676435821894291
0.005481162427925719
0.006374836313275035
0.007490127296793148
0.008782517426925452
0.010353622982098425
0.01241363205404621
0.015032864966221053
0.018410094866682332
0.023525697024578216
0.030856852199558242
0.04255863828680263
0.06082025941473516
0.09197471603069056
0.16739721352658865
0.37421721572620625
0.7439400798221222
0.8434441873990846
0.47671716575410444
0.15497215071766635
0.05830538171187064
0.02823409330189677
0.01855686767372272
0.014527702275404814
0.01314537996936655
0.013118315137499857
0.013768387973506291
0.01472308941577539
0.015574381525398424
0.015977620132185816
0.015243858437299111
0.013779490270800023
0.011848522984577576
0.009838940611977773
0.008368984967464483
0.007124271622666864
0.006320905773478218
0.0057962098706519
0.005491972517179121
0.005350528331120124
0.005255916143336638
0.00523685455967478
0.005231811612571006
0.005228633708329106
0.005220376093484532
0.0052071229831081025
0.0051889685807267796
0.0051660169130493495
0.00513838158352085
0.005106185446819366
0.0050695602098381354
0.0050286460086364365
0.004992383615921271
0.00497461873535468
0.004981184100426591
0.005045875730936398
0.005155433179185822
0.0052981287076519275
0.005445899333788148
0.0056416399495932915
0.005872761155438372
0.0061721591485832915
0.006542835976952818
0.0070579611896734425
0.007649736539513554
0.008405048438367514
0.009185246141593682
0.010010013529492911
0.010663002190706743
0.010956780442260018
0.010675035602763226
0.009771205896522714
0.00823923801897188
0.006674375383583893
0.005247522703139826
0.004275443379810073
0.003586543869984101
0.003212319228076059
0.0029892132068374687
0.002852355808271938
0.002749738269596436
0.0026611137581842464
0.002573696299735907
0.0024875421152658144
0.002402708038344114
0.002319250374946744
0.0022372239612438007
0.00215668139288126
0.0020777623654340935