0.00036363220979954776
0.0003877551593481471
0.00041301843578940524
0.00043944104399493275
0.00046703974113111615
0.0004958288646731595
0.0005258201666267447
0.0005570226562678955
0.0005894424541518709
0.0006230826607241247
0.0006579432436444312
0.0006940209489787995
0.0007313092428207844
0.0007697982918005271
0.0008094749935023977
0.0008503230712699733
0.00089232325254266
0.0009354535561553932
0.0009796897224946801
0.0010250058317754843
0.0010713751709594424
0.0011187714302606728
0.001167170337474971
0.0012165518747279463
0.0012669032705289892
0.0013182230238936072
0.001370526301338495
0.0014238521573362519
0.0014782731707843676
0.001533908270935527
0.0015909397515444783
0.0016496357423004047
0.0017103797096013353
0.0017737088519331212
0.0018403634295437851
0.0019113488715569637
0.0019880113798037466
0.002072124501696174
0.00216597625294804
0.0022724286405023126
0.0023948835975883486
0.0025370127802694497
0.00270196632282553
0.002890555302062576
0.003106998988211332
0.003337269494617657
0.003534478669224211
0.003655644589783074
0.0037118763190856783
0.0037680350038365802
0.0038540486543482597
0.003978434291509525
0.0041571864407195435
0.0043809526620068266
0.0046347331324181045
0.004968680861910872
0.005390439945789542
0.0058280441383747675
0.006357606576022012
0.006920933154580598
0.007677356014927765
0.008474805723926735
0.009530241863503203
0.010644112932213269
0.012016378685536781
0.013548537841155802
0.015368987659273995
0.01774022263796906
0.02069697830781136
0.024436316023835628
0.030117802154039832
0.03812951577709639
0.05079471185764392
0.07018160472730792
0.10271351371960472
0.18105958162473315
0.3925983105856813
0.7590372755223156
0.8386207490635061
0.46168777665918714
0.1457698048333679
0.053155059099661055
0.02492589069859293
0.01587282511864655
0.012047959879726192
0.01058118477970723
0.010261040076420648
0.010475414842730285
0.010903906204850855
0.01123171128843273
0.011219997742580083
0.01041428665124148
0.009150762429671281
0.007641038779104263
0.006156460103069137
0.005083042786910078
0.0041997505558515665
0.003620150355277089
0.003228207555918033
0.0029776835180333537
0.002827070938786321
0.0027077808702007204
0.002632678104078301
0.002567615616224419
0.0025059591422435935
0.0024441721780817777
0.0023823587309465756
0.0023206170334110925
0.0022590398310316498
0.002197714628284978
0.00213672389814158
0.0020761452613480003
0.002016051659092051
0.0019601326812779428
0.001913777057422598
0.0018787957602041175
0.0018677753352969164
0.0018744348174112603
0.0018935199570733478
0.0019140582912516887
0.001951731869785104
0.0020013107887986627
0.0020741074606682387
0.0021703909726974286
0.002314994585904784
0.0024831585302941667
0.0027042343771508065
0.002929921084525614
0.0031669845768249566
0.0033426717411937095
0.0033962115172819283
0.0032602327399988518
0.002927263388756727
0.0024061505002052684
0.001893823224200449
0.0014428696748567328
0.0011421504405493786
0.0009329244654936717
0.0008180334137555505
0.0007477336107143286
0.0007025231186249998
0.0006675981617551221
0.0006372702205471488
0.0006080652022865851
0.000579950579061358
0.0005528955138455296
0.0005268705137412927
0.0005018471539363492
0.0004777978600431966
0.00045471741443129895